2
1
12632256

0
1
10
0
    15    15
32
65
   1   1   2
  14   1   3
  14   2   3
  14   3   3
  14   4   3
  14   5   3
  14   6   3
  14   7   3
  14   8   3
  14   9   3
  14  10   3
  14  11   3
  14  12   3
  14  13   3
  14  14   4
  13  14   4
   1  14   4
  12  14   4
   7  14   4
   6  14   4
   4  14   4
   3  14   4
   2  14   4
   5  14   4
   8  14   4
   9  14   4
  11  14   4
  10  14   4
   0   0   4
  14   0   4
  13   0   4
  12   0   4
  11   0   4
  10   0   4
   9   0   4
   8   0   4
   7   0   4
   6   0   4
   5   0   4
   4   0   4
   3   0   4
   2   0   4
   1   0   4
   8  13   1
   5  13   1
   7  13   1
   6  13   1
   5   1   5
   6   1   5
   8   1   5
   7   1   5
   0   1   3
   0   2   3
   0   3   3
   0   5   3
   0   6   3
   0   7   3
   0  14   3
   0  13   3
   0  12   3
   0  11   3
   0  10   3
   0   9   3
   0   8   3
   0   4   3

GAME OVER
12632256
wirl2.gif
1
1
10
0
    21    22
23
13
   7   7   6
   7   9   6
   8  13   6
   9  15   6
  11  13   6
  12  10   6
  11   7   6
   8   8   6
   4   9   6
   7  12   6
   8  12   6
   9  12   6
  10  12   6

